2 0.497077 0.502923 
2.01 0.462401 0.537599 
2.02 0.428902 0.571098 
2.03 0.396784 0.603216 
2.04 0.366231 0.633769 
2.05 0.337406 0.662594 
2.06 0.310452 0.689548 
2.07 0.285495 0.714505 
2.08 0.262637 0.737363 
2.09 0.241964 0.758036 
2.1 0.223543 0.776457 
2.11 0.207422 0.792578 
2.12 0.193634 0.806366 
2.13 0.182194 0.817806 
2.14 0.173103 0.826897 
2.15 0.166348 0.833652 
2.16 0.161902 0.838098 
2.17 0.159725 0.840275 
2.18 0.159768 0.840232 
2.19 0.16197 0.83803 
2.2 0.16626 0.83374 
2.21 0.172562 0.827438 
2.22 0.180789 0.819211 
2.23 0.19085 0.80915 
2.24 0.202648 0.797352 
2.25 0.216081 0.783919 
2.26 0.231043 0.768957 
2.27 0.247425 0.752575 
2.28 0.265118 0.734882 
2.29 0.284009 0.715991 
2.3 0.303985 0.696015 
2.31 0.324933 0.675067 
2.32 0.34674 0.65326 
2.33 0.369294 0.630706 
2.34 0.392485 0.607515 
2.35 0.416205 0.583795 
2.36 0.440347 0.559653 
2.37 0.464807 0.535193 
2.38 0.489485 0.510515 
2.39 0.514284 0.485716 
2.4 0.539109 0.460891 
2.41 0.563871 0.436129 
2.42 0.588484 0.411516 
2.43 0.612864 0.387136 
2.44 0.636934 0.363066 
2.45 0.66062 0.33938 
2.46 0.683854 0.316146 
2.47 0.706568 0.293432 
2.48 0.728704 0.271296 
2.49 0.750205 0.249795 
2.5 0.771019 0.228981 
2.51 0.791097 0.208903 
2.52 0.810398 0.189602 
2.53 0.828882 0.171118 
2.54 0.846513 0.153487 
2.55 0.863262 0.136738 
2.56 0.8791 0.1209 
2.57 0.894005 0.105995 
2.58 0.907958 0.0920422 
2.59 0.920942 0.0790584 
2.6 0.932944 0.0670557 
2.61 0.943957 0.0560433 
2.62 0.953973 0.0460271 
2.63 0.96299 0.0370102 
2.64 0.971007 0.0289928 
2.65 0.978028 0.021972 
2.66 0.984057 0.0159429 
2.67 0.989102 0.0108976 
2.68 0.993174 0.00682635 
2.69 0.996283 0.00371699 
2.7 0.998445 0.00155544 
2.71 0.999674 0.000325737 
2.72 0.99999 1.02087e-05 
2.73 0.99941 0.000589571 
2.74 0.997957 0.00204308 
2.75 0.995651 0.00434867 
2.76 0.992517 0.00748305 
2.77 0.988578 0.0114218 
2.78 0.98386 0.0161397 
2.79 0.97839 0.0216104 
2.8 0.972193 0.0278071 
2.81 0.965298 0.034702 
2.82 0.957733 0.0422671 
2.83 0.949526 0.0504737 
2.84 0.940707 0.0592929 
2.85 0.931305 0.0686955 
2.86 0.921348 0.0786519 
2.87 0.910867 0.0891328 
2.88 0.899892 0.100108 
2.89 0.888451 0.111549 
2.9 0.876574 0.123426 
2.91 0.864291 0.135709 
2.92 0.851631 0.148369 
2.93 0.838622 0.161378 
2.94 0.825293 0.174707 
2.95 0.811672 0.188328 
2.96 0.797787 0.202213 
2.97 0.783665 0.216335 
2.98 0.769333 0.230667 
2.99 0.754817 0.245183 
3 0.740143 0.259857 
3.01 0.725337 0.274663 
3.02 0.710422 0.289578 
3.03 0.695422 0.304578 
3.04 0.680362 0.319638 
3.05 0.665263 0.334737 
3.06 0.650148 0.349852 
3.07 0.635039 0.364961 
3.08 0.619954 0.380046 
3.09 0.604916 0.395084 
3.1 0.589942 0.410058 
3.11 0.575052 0.424948 
3.12 0.560262 0.439738 
3.13 0.545592 0.454408 
3.14 0.531056 0.468944 
3.15 0.51667 0.48333 
3.16 0.50245 0.49755 
3.17 0.48841 0.51159 
3.18 0.474563 0.525437 
3.19 0.460923 0.539077 
3.2 0.447502 0.552498 
3.21 0.43431 0.56569 
3.22 0.42136 0.57864 
3.23 0.408662 0.591338 
3.24 0.396225 0.603775 
3.25 0.384058 0.615942 
3.26 0.372169 0.627831 
3.27 0.360567 0.639433 
3.28 0.349259 0.650741 
3.29 0.338251 0.661749 
3.3 0.32755 0.67245 
3.31 0.317161 0.682839 
3.32 0.307088 0.692912 
3.33 0.297338 0.702662 
3.34 0.287913 0.712087 
3.35 0.278817 0.721183 
3.36 0.270053 0.729947 
3.37 0.261624 0.738376 
3.38 0.253531 0.746469 
3.39 0.245777 0.754223 
3.4 0.238363 0.761637 
3.41 0.23129 0.76871 
3.42 0.224558 0.775442 
3.43 0.218167 0.781833 
3.44 0.212117 0.787883 
3.45 0.206408 0.793592 
3.46 0.201038 0.798962 
3.47 0.196007 0.803993 
3.48 0.191313 0.808687 
3.49 0.186953 0.813047 
3.5 0.182927 0.817073 
3.51 0.179231 0.820769 
3.52 0.175864 0.824136 
3.53 0.172821 0.827179 
3.54 0.170101 0.829899 
3.55 0.1677 0.8323 
3.56 0.165614 0.834386 
3.57 0.163839 0.836161 
3.58 0.162373 0.837627 
3.59 0.16121 0.83879 
3.6 0.160347 0.839653 
3.61 0.15978 0.84022 
3.62 0.159503 0.840497 
3.63 0.159513 0.840487 
3.64 0.159804 0.840196 
3.65 0.160372 0.839628 
3.66 0.161212 0.838788 
3.67 0.162318 0.837682 
3.68 0.163687 0.836313 
3.69 0.165312 0.834688 
3.7 0.167188 0.832812 
3.71 0.169311 0.830689 
3.72 0.171674 0.828326 
3.73 0.174273 0.825727 
3.74 0.177101 0.822899 
3.75 0.180154 0.819846 
3.76 0.183426 0.816574 
3.77 0.186911 0.813089 
3.78 0.190604 0.809396 
3.79 0.1945 0.8055 
3.8 0.198592 0.801408 
3.81 0.202876 0.797124 
3.82 0.207345 0.792655 
3.83 0.211994 0.788006 
3.84 0.216819 0.783181 
3.85 0.221812 0.778188 
3.86 0.226969 0.773031 
3.87 0.232285 0.767715 
3.88 0.237753 0.762247 
3.89 0.243369 0.756631 
3.9 0.249127 0.750873 
3.91 0.255022 0.744978 
3.92 0.261049 0.738951 
3.93 0.267202 0.732798 
3.94 0.273477 0.726523 
3.95 0.279867 0.720133 
3.96 0.286369 0.713631 
3.97 0.292977 0.707023 
3.98 0.299685 0.700315 
3.99 0.306491 0.693509 
4 0.313387 0.686613 
4.01 0.320371 0.679629 
4.02 0.327436 0.672564 
4.03 0.334579 0.665421 
4.04 0.341795 0.658205 
4.05 0.349079 0.650921 
4.06 0.356427 0.643573 
4.07 0.363835 0.636165 
4.08 0.371298 0.628702 
4.09 0.378811 0.621189 
4.1 0.386372 0.613628 
4.11 0.393976 0.606024 
4.12 0.401619 0.598381 
4.13 0.409296 0.590704 
4.14 0.417005 0.582995 
4.15 0.424741 0.575259 
4.16 0.432501 0.567499 
4.17 0.44028 0.55972 
4.18 0.448077 0.551923 
4.19 0.455886 0.544114 
4.2 0.463705 0.536295 
4.21 0.47153 0.52847 
4.22 0.479358 0.520642 
4.23 0.487186 0.512814 
4.24 0.49501 0.50499 
4.25 0.502829 0.497171 
4.26 0.510638 0.489362 
4.27 0.518435 0.481565 
4.28 0.526217 0.473783 
4.29 0.533981 0.466019 
4.3 0.541725 0.458275 
4.31 0.549446 0.450554 
4.32 0.557141 0.442859 
4.33 0.564809 0.435191 
4.34 0.572446 0.427554 
4.35 0.58005 0.41995 
4.36 0.587619 0.412381 
4.37 0.595152 0.404848 
4.38 0.602644 0.397356 
4.39 0.610096 0.389904 
4.4 0.617504 0.382496 
4.41 0.624867 0.375133 
4.42 0.632182 0.367818 
4.43 0.639449 0.360551 
4.44 0.646665 0.353335 
4.45 0.653828 0.346172 
4.46 0.660937 0.339063 
4.47 0.66799 0.33201 
4.48 0.674987 0.325013 
4.49 0.681924 0.318076 
4.5 0.688802 0.311198 
4.51 0.695618 0.304382 
4.52 0.702371 0.297629 
4.53 0.70906 0.29094 
4.54 0.715684 0.284316 
4.55 0.722241 0.277759 
4.56 0.728731 0.271269 
4.57 0.735153 0.264847 
4.58 0.741505 0.258495 
4.59 0.747787 0.252213 
4.6 0.753997 0.246003 
4.61 0.760135 0.239865 
4.62 0.766199 0.233801 
4.63 0.77219 0.22781 
4.64 0.778107 0.221893 
4.65 0.783948 0.216052 
4.66 0.789713 0.210287 
4.67 0.795402 0.204598 
4.68 0.801013 0.198987 
4.69 0.806547 0.193453 
4.7 0.812003 0.187997 
4.71 0.81738 0.18262 
4.72 0.822678 0.177322 
4.73 0.827897 0.172103 
4.74 0.833036 0.166964 
4.75 0.838094 0.161906 
4.76 0.843073 0.156927 
4.77 0.847971 0.152029 
4.78 0.852788 0.147212 
4.79 0.857524 0.142476 
4.8 0.862179 0.137821 
4.81 0.866752 0.133248 
4.82 0.871245 0.128755 
4.83 0.875655 0.124345 
4.84 0.879984 0.120016 
4.85 0.884232 0.115768 
4.86 0.888398 0.111602 
4.87 0.892482 0.107518 
4.88 0.896485 0.103515 
4.89 0.900407 0.0995933 
4.9 0.904247 0.0957531 
4.91 0.908006 0.0919941 
4.92 0.911684 0.0883162 
4.93 0.915281 0.0847192 
4.94 0.918797 0.0812028 
4.95 0.922233 0.077767 
4.96 0.925588 0.0744115 
4.97 0.928864 0.0711361 
4.98 0.93206 0.0679404 
4.99 0.935176 0.0648243 
5 0.938213 0.0617873 
5.01 0.941171 0.0588294 
5.02 0.94405 0.05595 
5.03 0.946851 0.0531488 
5.04 0.949574 0.0504256 
5.05 0.95222 0.04778 
5.06 0.954789 0.0452115 
5.07 0.95728 0.0427197 
5.08 0.959696 0.0403043 
5.09 0.962035 0.0379649 
5.1 0.964299 0.0357009 
5.11 0.966488 0.0335121 
5.12 0.968602 0.0313978 
5.13 0.970642 0.0293577 
5.14 0.972609 0.0273913 
5.15 0.974502 0.0254981 
5.16 0.976322 0.0236776 
5.17 0.978071 0.0219292 
5.18 0.979747 0.0202526 
5.19 0.981353 0.0186471 
5.2 0.982888 0.0171123 
5.21 0.984352 0.0156476 
5.22 0.985748 0.0142525 
5.23 0.987074 0.0129264 
5.24 0.988331 0.0116688 
5.25 0.989521 0.0104791 
5.26 0.990643 0.00935672 
5.27 0.991699 0.00830115 
5.28 0.992688 0.00731179 
5.29 0.993612 0.00638806 
5.3 0.994471 0.00552938 
5.31 0.995265 0.00473516 
5.32 0.995995 0.0040048 
5.33 0.996662 0.00333771 
5.34 0.997267 0.00273329 
5.35 0.997809 0.00219095 
5.36 0.99829 0.00171007 
5.37 0.99871 0.00129005 
5.38 0.99907 0.000930276 
5.39 0.99937 0.000630145 
5.4 0.999611 0.000389039 
5.41 0.999794 0.000206343 
5.42 0.999919 8.14421e-05 
5.43 0.999986 1.37179e-05 
5.44 0.999997 2.55218e-06 
5.45 0.999953 4.73257e-05 
5.46 0.999853 0.000147419 
5.47 0.999698 0.000302211 
5.48 0.999489 0.000511082 
5.49 0.999227 0.000773411 
5.5 0.998911 0.00108858 
5.51 0.998544 0.00145596 
5.52 0.998125 0.00187494 
5.53 0.997655 0.00234491 
5.54 0.997135 0.00286523 
5.55 0.996565 0.00343529 
5.56 0.995946 0.00405448 
5.57 0.995278 0.00472219 
5.58 0.994562 0.00543779 
5.59 0.993799 0.00620067 
5.6 0.99299 0.00701023 
5.61 0.992134 0.00786586 
5.62 0.991233 0.00876694 
5.63 0.990287 0.00971288 
5.64 0.989297 0.0107031 
5.65 0.988263 0.0117369 
5.66 0.987186 0.0128138 
5.67 0.986067 0.0139331 
5.68 0.984906 0.0150943 
5.69 0.983703 0.0162968 
5.7 0.98246 0.0175399 
5.71 0.981177 0.0188231 
5.72 0.979854 0.0201458 
5.73 0.978493 0.0215075 
5.74 0.977092 0.0229075 
5.75 0.975655 0.0243453 
5.76 0.97418 0.0258203 
5.77 0.972668 0.0273319 
5.78 0.97112 0.0288796 
5.79 0.969537 0.0304628 
5.8 0.967919 0.0320809 
5.81 0.966267 0.0337334 
5.82 0.96458 0.0354198 
5.83 0.962861 0.0371395 
5.84 0.961108 0.0388919 
5.85 0.959324 0.0406765 
5.86 0.957507 0.0424928 
5.87 0.95566 0.0443402 
5.88 0.953782 0.0462182 
5.89 0.951874 0.0481263 
5.9 0.949936 0.050064 
5.91 0.947969 0.0520306 
5.92 0.945974 0.0540259 
5.93 0.943951 0.0560491 
5.94 0.9419 0.0580998 
5.95 0.939822 0.0601775 
5.96 0.937718 0.0622818 
5.97 0.935588 0.064412 
5.98 0.933432 0.0665677 
5.99 0.931252 0.0687485 
6 0.929046 0.0709538 
6.01 0.926817 0.0731832 
6.02 0.924564 0.0754361 
6.03 0.922288 0.0777122 
6.04 0.919989 0.0800109 
6.05 0.917668 0.0823319 
6.06 0.915325 0.0846745 
6.07 0.912962 0.0870384 
6.08 0.910577 0.0894232 
6.09 0.908172 0.0918283 
6.1 0.905747 0.0942533 
6.11 0.903302 0.0966979 
6.12 0.900839 0.0991615 
6.13 0.898356 0.101644 
6.14 0.895856 0.104144 
6.15 0.893338 0.106662 
6.16 0.890802 0.109198 
6.17 0.888249 0.111751 
6.18 0.88568 0.11432 
6.19 0.883095 0.116905 
6.2 0.880494 0.119506 
6.21 0.877878 0.122122 
6.22 0.875247 0.124753 
6.23 0.872601 0.127399 
6.24 0.869941 0.130059 
6.25 0.867267 0.132733 
6.26 0.86458 0.13542 
6.27 0.86188 0.13812 
6.28 0.859167 0.140833 
6.29 0.856442 0.143558 
6.3 0.853705 0.146295 
6.31 0.850956 0.149044 
6.32 0.848196 0.151804 
6.33 0.845425 0.154575 
6.34 0.842644 0.157356 
6.35 0.839852 0.160148 
6.36 0.837051 0.162949 
6.37 0.83424 0.16576 
6.38 0.831419 0.168581 
6.39 0.82859 0.17141 
6.4 0.825753 0.174247 
6.41 0.822907 0.177093 
6.42 0.820053 0.179947 
6.43 0.817192 0.182808 
6.44 0.814323 0.185677 
6.45 0.811447 0.188553 
6.46 0.808565 0.191435 
6.47 0.805676 0.194324 
6.48 0.802781 0.197219 
6.49 0.799881 0.200119 
6.5 0.796975 0.203025 
6.51 0.794063 0.205937 
6.52 0.791147 0.208853 
6.53 0.788226 0.211774 
6.54 0.7853 0.2147 
6.55 0.78237 0.21763 
6.56 0.779437 0.220563 
6.57 0.776499 0.223501 
6.58 0.773559 0.226441 
6.59 0.770615 0.229385 
6.6 0.767668 0.232332 
6.61 0.764719 0.235281 
6.62 0.761767 0.238233 
6.63 0.758814 0.241186 
6.64 0.755858 0.244142 
6.65 0.752901 0.247099 
6.66 0.749942 0.250058 
6.67 0.746982 0.253018 
6.68 0.744021 0.255979 
6.69 0.741059 0.258941 
6.7 0.738097 0.261903 
6.71 0.735134 0.264866 
6.72 0.732171 0.267829 
6.73 0.729209 0.270791 
6.74 0.726246 0.273754 
6.75 0.723285 0.276715 
6.76 0.720323 0.279677 
6.77 0.717363 0.282637 
6.78 0.714404 0.285596 
6.79 0.711446 0.288554 
6.8 0.70849 0.29151 
6.81 0.705535 0.294465 
6.82 0.702582 0.297418 
6.83 0.699632 0.300368 
6.84 0.696683 0.303317 
6.85 0.693737 0.306263 
6.86 0.690793 0.309207 
6.87 0.687852 0.312148 
6.88 0.684914 0.315086 
6.89 0.681979 0.318021 
6.9 0.679047 0.320953 
6.91 0.676119 0.323881 
6.92 0.673194 0.326806 
6.93 0.670273 0.329727 
6.94 0.667355 0.332645 
6.95 0.664442 0.335558 
6.96 0.661533 0.338467 
6.97 0.658628 0.341372 
6.98 0.655728 0.344272 
6.99 0.652832 0.347168 
7 0.64994 0.35006 
7.01 0.647054 0.352946 
7.02 0.644173 0.355827 
7.03 0.641296 0.358704 
7.04 0.638425 0.361575 
7.05 0.63556 0.36444 
7.06 0.632699 0.367301 
7.07 0.629845 0.370155 
7.08 0.626996 0.373004 
7.09 0.624153 0.375847 
7.1 0.621316 0.378684 
7.11 0.618485 0.381515 
7.12 0.61566 0.38434 
7.13 0.612842 0.387158 
7.14 0.610029 0.389971 
7.15 0.607224 0.392776 
7.16 0.604425 0.395575 
7.17 0.601633 0.398367 
7.18 0.598847 0.401153 
7.19 0.596069 0.403931 
7.2 0.593297 0.406703 
7.21 0.590533 0.409467 
7.22 0.587775 0.412225 
7.23 0.585025 0.414975 
7.24 0.582283 0.417717 
7.25 0.579548 0.420452 
7.26 0.57682 0.42318 
7.27 0.5741 0.4259 
7.28 0.571388 0.428612 
7.29 0.568683 0.431317 
7.3 0.565987 0.434013 
7.31 0.563298 0.436702 
7.32 0.560617 0.439383 
7.33 0.557945 0.442055 
7.34 0.55528 0.44472 
7.35 0.552624 0.447376 
7.36 0.549976 0.450024 
7.37 0.547337 0.452663 
7.38 0.544706 0.455294 
7.39 0.542083 0.457917 
7.4 0.539469 0.460531 
7.41 0.536864 0.463136 
7.42 0.534267 0.465733 
7.43 0.531679 0.468321 
7.44 0.5291 0.4709 
7.45 0.526529 0.473471 
7.46 0.523968 0.476032 
7.47 0.521416 0.478584 
7.48 0.518872 0.481128 
7.49 0.516338 0.483662 
7.5 0.513812 0.486188 
7.51 0.511296 0.488704 
7.52 0.508789 0.491211 
7.53 0.506292 0.493708 
7.54 0.503803 0.496197 
7.55 0.501324 0.498676 
7.56 0.498854 0.501146 
7.57 0.496394 0.503606 
7.58 0.493943 0.506057 
7.59 0.491502 0.508498 
7.6 0.48907 0.51093 
7.61 0.486648 0.513352 
7.62 0.484235 0.515765 
7.63 0.481832 0.518168 
7.64 0.479438 0.520562 
7.65 0.477055 0.522945 
7.66 0.474681 0.525319 
7.67 0.472316 0.527684 
7.68 0.469962 0.530038 
7.69 0.467617 0.532383 
7.7 0.465282 0.534718 
7.71 0.462957 0.537043 
7.72 0.460642 0.539358 
7.73 0.458337 0.541663 
7.74 0.456042 0.543958 
7.75 0.453756 0.546244 
7.76 0.451481 0.548519 
7.77 0.449215 0.550785 
7.78 0.44696 0.55304 
7.79 0.444715 0.555285 
7.8 0.442479 0.557521 
7.81 0.440254 0.559746 
7.82 0.438039 0.561961 
7.83 0.435833 0.564167 
7.84 0.433638 0.566362 
7.85 0.431453 0.568547 
7.86 0.429278 0.570722 
7.87 0.427113 0.572887 
7.88 0.424959 0.575041 
7.89 0.422814 0.577186 
7.9 0.42068 0.57932 
7.91 0.418556 0.581444 
7.92 0.416442 0.583558 
7.93 0.414338 0.585662 
7.94 0.412244 0.587756 
7.95 0.410161 0.589839 
7.96 0.408087 0.591913 
7.97 0.406024 0.593976 
7.98 0.403971 0.596029 
7.99 0.401928 0.598072 
8 0.399896 0.600104 
8.01 0.397873 0.602127 
8.02 0.395861 0.604139 
8.03 0.393859 0.606141 
8.04 0.391867 0.608133 
8.05 0.389886 0.610114 
8.06 0.387914 0.612086 
8.07 0.385953 0.614047 
8.08 0.384002 0.615998 
8.09 0.382061 0.617939 
8.1 0.38013 0.61987 
8.11 0.37821 0.62179 
8.12 0.376299 0.623701 
8.13 0.374399 0.625601 
8.14 0.372509 0.627491 
8.15 0.370629 0.629371 
8.16 0.368759 0.631241 
8.17 0.366899 0.633101 
8.18 0.36505 0.63495 
8.19 0.36321 0.63679 
8.2 0.361381 0.638619 
8.21 0.359561 0.640439 
8.22 0.357752 0.642248 
8.23 0.355953 0.644047 
8.24 0.354164 0.645836 
8.25 0.352385 0.647615 
8.26 0.350616 0.649384 
8.27 0.348857 0.651143 
8.28 0.347108 0.652892 
8.29 0.345369 0.654631 
8.3 0.34364 0.65636 
8.31 0.341921 0.658079 
8.32 0.340211 0.659789 
8.33 0.338512 0.661488 
8.34 0.336823 0.663177 
8.35 0.335143 0.664857 
8.36 0.333474 0.666526 
8.37 0.331814 0.668186 
8.38 0.330164 0.669836 
8.39 0.328524 0.671476 
8.4 0.326894 0.673106 
8.41 0.325274 0.674726 
8.42 0.323663 0.676337 
8.43 0.322062 0.677938 
8.44 0.320471 0.679529 
8.45 0.31889 0.68111 
8.46 0.317318 0.682682 
8.47 0.315756 0.684244 
8.48 0.314204 0.685796 
8.49 0.312661 0.687339 
8.5 0.311128 0.688872 
8.51 0.309605 0.690395 
8.52 0.308091 0.691909 
8.53 0.306586 0.693414 
8.54 0.305092 0.694908 
8.55 0.303606 0.696394 
8.56 0.302131 0.697869 
8.57 0.300664 0.699336 
8.58 0.299207 0.700793 
8.59 0.29776 0.70224 
8.6 0.296322 0.703678 
8.61 0.294893 0.705107 
8.62 0.293474 0.706526 
8.63 0.292064 0.707936 
8.64 0.290663 0.709337 
8.65 0.289272 0.710728 
8.66 0.28789 0.71211 
8.67 0.286517 0.713483 
8.68 0.285153 0.714847 
8.69 0.283799 0.716201 
8.7 0.282454 0.717546 
8.71 0.281117 0.718883 
8.72 0.27979 0.72021 
8.73 0.278472 0.721528 
8.74 0.277163 0.722837 
8.75 0.275864 0.724136 
8.76 0.274573 0.725427 
8.77 0.273291 0.726709 
8.78 0.272018 0.727982 
8.79 0.270754 0.729246 
8.8 0.269499 0.730501 
8.81 0.268253 0.731747 
8.82 0.267015 0.732985 
8.83 0.265787 0.734213 
8.84 0.264567 0.735433 
8.85 0.263356 0.736644 
8.86 0.262154 0.737846 
8.87 0.26096 0.73904 
8.88 0.259776 0.740224 
8.89 0.258599 0.741401 
8.9 0.257432 0.742568 
8.91 0.256273 0.743727 
8.92 0.255123 0.744877 
8.93 0.253981 0.746019 
8.94 0.252848 0.747152 
8.95 0.251723 0.748277 
8.96 0.250607 0.749393 
8.97 0.249499 0.750501 
8.98 0.2484 0.7516 
8.99 0.247308 0.752692 
9 0.246226 0.753774 
9.01 0.245151 0.754849 
9.02 0.244085 0.755915 
9.03 0.243028 0.756972 
9.04 0.241978 0.758022 
9.05 0.240937 0.759063 
9.06 0.239904 0.760096 
9.07 0.238879 0.761121 
9.08 0.237862 0.762138 
9.09 0.236853 0.763147 
9.1 0.235853 0.764147 
9.11 0.23486 0.76514 
9.12 0.233875 0.766125 
9.13 0.232899 0.767101 
9.14 0.23193 0.76807 
9.15 0.230969 0.769031 
9.16 0.230017 0.769983 
9.17 0.229072 0.770928 
9.18 0.228134 0.771866 
9.19 0.227205 0.772795 
9.2 0.226284 0.773716 
9.21 0.22537 0.77463 
9.22 0.224464 0.775536 
9.23 0.223565 0.776435 
9.24 0.222675 0.777325 
9.25 0.221792 0.778208 
9.26 0.220916 0.779084 
9.27 0.220048 0.779952 
9.28 0.219188 0.780812 
9.29 0.218335 0.781665 
9.3 0.21749 0.78251 
9.31 0.216652 0.783348 
9.32 0.215822 0.784178 
9.33 0.214999 0.785001 
9.34 0.214183 0.785817 
9.35 0.213375 0.786625 
9.36 0.212574 0.787426 
9.37 0.21178 0.78822 
9.38 0.210993 0.789007 
9.39 0.210214 0.789786 
9.4 0.209442 0.790558 
9.41 0.208677 0.791323 
9.42 0.20792 0.79208 
9.43 0.207169 0.792831 
9.44 0.206425 0.793575 
9.45 0.205689 0.794311 
9.46 0.20496 0.79504 
9.47 0.204237 0.795763 
9.48 0.203522 0.796478 
9.49 0.202813 0.797187 
9.5 0.202112 0.797888 
9.51 0.201417 0.798583 
9.52 0.200729 0.799271 
9.53 0.200048 0.799952 
9.54 0.199374 0.800626 
9.55 0.198706 0.801294 
9.56 0.198045 0.801955 
9.57 0.197391 0.802609 
9.58 0.196744 0.803256 
9.59 0.196103 0.803897 
9.6 0.195469 0.804531 
9.61 0.194841 0.805159 
9.62 0.19422 0.80578 
9.63 0.193606 0.806394 
9.64 0.192998 0.807002 
9.65 0.192397 0.807603 
9.66 0.191802 0.808198 
9.67 0.191213 0.808787 
9.68 0.190631 0.809369 
9.69 0.190055 0.809945 
9.7 0.189486 0.810514 
9.71 0.188923 0.811077 
9.72 0.188366 0.811634 
9.73 0.187815 0.812185 
9.74 0.187271 0.812729 
9.75 0.186733 0.813267 
9.76 0.186201 0.813799 
9.77 0.185675 0.814325 
9.78 0.185155 0.814845 
9.79 0.184642 0.815358 
9.8 0.184134 0.815866 
9.81 0.183632 0.816368 
9.82 0.183137 0.816863 
9.83 0.182647 0.817353 
9.84 0.182164 0.817836 
9.85 0.181686 0.818314 
9.86 0.181214 0.818786 
9.87 0.180748 0.819252 
9.88 0.180288 0.819712 
9.89 0.179834 0.820166 
9.9 0.179386 0.820614 
9.91 0.178943 0.821057 
9.92 0.178506 0.821494 
9.93 0.178075 0.821925 
9.94 0.177649 0.822351 
9.95 0.177229 0.822771 
9.96 0.176815 0.823185 
9.97 0.176406 0.823594 
9.98 0.176003 0.823997 
9.99 0.175606 0.824394 
10 0.175214 0.824786 
10.01 0.174827 0.825173 
10.02 0.174446 0.825554 
10.03 0.174071 0.825929 
10.04 0.1737 0.8263 
10.05 0.173336 0.826664 
10.06 0.172976 0.827024 
10.07 0.172622 0.827378 
10.08 0.172273 0.827727 
10.09 0.17193 0.82807 
10.1 0.171592 0.828408 
10.11 0.171259 0.828741 
10.12 0.170931 0.829069 
10.13 0.170609 0.829391 
10.14 0.170291 0.829709 
10.15 0.169979 0.830021 
10.16 0.169672 0.830328 
10.17 0.16937 0.83063 
10.18 0.169073 0.830927 
10.19 0.168781 0.831219 
10.2 0.168494 0.831506 
10.21 0.168212 0.831788 
10.22 0.167935 0.832065 
10.23 0.167663 0.832337 
10.24 0.167396 0.832604 
10.25 0.167134 0.832866 
10.26 0.166877 0.833123 
10.27 0.166624 0.833376 
10.28 0.166377 0.833623 
10.29 0.166134 0.833866 
10.3 0.165896 0.834104 
10.31 0.165662 0.834338 
10.32 0.165434 0.834566 
10.33 0.16521 0.83479 
10.34 0.164991 0.835009 
10.35 0.164776 0.835224 
10.36 0.164566 0.835434 
10.37 0.164361 0.835639 
10.38 0.16416 0.83584 
10.39 0.163964 0.836036 
10.4 0.163772 0.836228 
10.41 0.163585 0.836415 
10.42 0.163402 0.836598 
10.43 0.163224 0.836776 
10.44 0.16305 0.83695 
10.45 0.162881 0.837119 
10.46 0.162716 0.837284 
10.47 0.162556 0.837444 
10.48 0.162399 0.837601 
10.49 0.162248 0.837752 
10.5 0.1621 0.8379 
10.51 0.161957 0.838043 
10.52 0.161818 0.838182 
10.53 0.161683 0.838317 
10.54 0.161552 0.838448 
10.55 0.161426 0.838574 
10.56 0.161304 0.838696 
10.57 0.161186 0.838814 
10.58 0.161072 0.838928 
10.59 0.160962 0.839038 
10.6 0.160857 0.839143 
10.61 0.160755 0.839245 
10.62 0.160658 0.839342 
10.63 0.160564 0.839436 
10.64 0.160474 0.839526 
10.65 0.160389 0.839611 
10.66 0.160307 0.839693 
10.67 0.16023 0.83977 
10.68 0.160156 0.839844 
10.69 0.160086 0.839914 
10.7 0.16002 0.83998 
10.71 0.159958 0.840042 
10.72 0.1599 0.8401 
10.73 0.159845 0.840155 
10.74 0.159795 0.840205 
10.75 0.159748 0.840252 
10.76 0.159705 0.840295 
10.77 0.159665 0.840335 
10.78 0.15963 0.84037 
10.79 0.159598 0.840402 
10.8 0.159569 0.840431 
10.81 0.159545 0.840455 
10.82 0.159524 0.840476 
10.83 0.159506 0.840494 
10.84 0.159492 0.840508 
10.85 0.159482 0.840518 
10.86 0.159475 0.840525 
10.87 0.159472 0.840528 
10.88 0.159473 0.840527 
10.89 0.159477 0.840523 
10.9 0.159484 0.840516 
10.91 0.159495 0.840505 
10.92 0.159509 0.840491 
10.93 0.159527 0.840473 
10.94 0.159548 0.840452 
10.95 0.159572 0.840428 
10.96 0.1596 0.8404 
10.97 0.159631 0.840369 
10.98 0.159665 0.840335 
10.99 0.159703 0.840297 
11 0.159744 0.840256 
11.01 0.159789 0.840211 
11.02 0.159836 0.840164 
11.03 0.159887 0.840113 
11.04 0.159941 0.840059 
11.05 0.159998 0.840002 
11.06 0.160059 0.839941 
11.07 0.160122 0.839878 
11.08 0.160189 0.839811 
11.09 0.160259 0.839741 
11.1 0.160332 0.839668 
11.11 0.160408 0.839592 
11.12 0.160487 0.839513 
11.13 0.160569 0.839431 
11.14 0.160654 0.839346 
11.15 0.160742 0.839258 
11.16 0.160834 0.839166 
11.17 0.160928 0.839072 
11.18 0.161025 0.838975 
11.19 0.161125 0.838875 
11.2 0.161228 0.838772 
11.21 0.161334 0.838666 
11.22 0.161443 0.838557 
11.23 0.161555 0.838445 
11.24 0.16167 0.83833 
11.25 0.161787 0.838213 
11.26 0.161907 0.838093 
11.27 0.16203 0.83797 
11.28 0.162156 0.837844 
11.29 0.162285 0.837715 
11.3 0.162417 0.837583 
11.31 0.162551 0.837449 
11.32 0.162688 0.837312 
11.33 0.162827 0.837173 
11.34 0.16297 0.83703 
11.35 0.163115 0.836885 
11.36 0.163263 0.836737 
11.37 0.163413 0.836587 
11.38 0.163566 0.836434 
11.39 0.163722 0.836278 
11.4 0.16388 0.83612 
11.41 0.164041 0.835959 
11.42 0.164204 0.835796 
11.43 0.164371 0.835629 
11.44 0.164539 0.835461 
11.45 0.16471 0.83529 
11.46 0.164884 0.835116 
11.47 0.16506 0.83494 
11.48 0.165238 0.834762 
11.49 0.16542 0.83458 
11.5 0.165603 0.834397 
11.51 0.165789 0.834211 
11.52 0.165977 0.834023 
11.53 0.166168 0.833832 
11.54 0.166361 0.833639 
11.55 0.166557 0.833443 
11.56 0.166755 0.833245 
11.57 0.166955 0.833045 
11.58 0.167158 0.832842 
11.59 0.167363 0.832637 
11.6 0.16757 0.83243 
11.61 0.16778 0.83222 
11.62 0.167992 0.832008 
11.63 0.168206 0.831794 
11.64 0.168422 0.831578 
11.65 0.168641 0.831359 
11.66 0.168862 0.831138 
11.67 0.169085 0.830915 
11.68 0.16931 0.83069 
11.69 0.169538 0.830462 
11.7 0.169767 0.830233 
11.71 0.169999 0.830001 
11.72 0.170233 0.829767 
11.73 0.170469 0.829531 
11.74 0.170707 0.829293 
11.75 0.170948 0.829052 
11.76 0.17119 0.82881 
11.77 0.171434 0.828566 
11.78 0.171681 0.828319 
11.79 0.17193 0.82807 
11.8 0.17218 0.82782 
11.81 0.172433 0.827567 
11.82 0.172688 0.827312 
11.83 0.172944 0.827056 
11.84 0.173203 0.826797 
11.85 0.173463 0.826537 
11.86 0.173726 0.826274 
11.87 0.173991 0.826009 
11.88 0.174257 0.825743 
11.89 0.174525 0.825475 
11.9 0.174796 0.825204 
11.91 0.175068 0.824932 
11.92 0.175342 0.824658 
11.93 0.175618 0.824382 
11.94 0.175896 0.824104 
11.95 0.176176 0.823824 
11.96 0.176457 0.823543 
11.97 0.176741 0.823259 
11.98 0.177026 0.822974 
11.99 0.177313 0.822687 
12 0.177602 0.822398 

